488	4
1944	616
504	48
392	36
112	0
208	4
708	12
112	0
112	0
145860	22024
312	28
14396	8
808760	233996
516	28
14716	552
1996	1136
12984	332
392	12
608	16
55964	664
2464	1004
416	80
24096	5940
2392	344
34924	9140
36920	204
760	168
3572	604
352	28
2396	272
904	80
364	64
380	20
112	0
12684	268
8164	2388
32292	0
2292	48
476	128
244	0
112	0
20392	956
860	8
6348	436
3072	1296
10028	3324
808	48
2996	704
1236	248
512	104
27404	2132
932	24
640	4
23068	8052
112	0
892	240
34340	10640
252	16
1748	308
868	260
1056	260
232	4
27120	1740
1032	8
7712	1628
1448	76
220	8
2512	552
268	4
412	80
368	16
1076	320
2040	312
288	24
12688	904
532	4
740	48
440	120
2324	692
388	4
668	40
36564	7720
1228	300
808	192
1768	112
476	76
43640	14840
484	56
1024	496
412	112
112	0
9940	1172
1092	236
2988	192
500	8
4096	348
548	236
112	0
708	12
232	4
